TRBIIUC128F931B59E,0.493586699507,0.3590591133,0.276011330049,0.332056650246,0.4055408867,0.337182758621,0.61913546798,0.563932019704,0.51377635468,0.51612955665,0.389036945813,0.369801970443
TRBIIAL128F4252C04,0.467408071749,0.44443348281,0.351333333333,0.244473841555,0.277324364723,0.400559043348,0.331804185351,0.427192825112,0.284735426009,0.283759342302,0.264665171898,0.285669656203
TRBIIJX128F933AB7D,0.518719928187,0.280773788151,0.224752244165,0.190743267504,0.317448833034,0.256213644524,0.183960502693,0.422596050269,0.215547576302,0.277809694794,0.20447935368,0.22287432675
TRBIIXI128F9344121,0.521254770992,0.415204198473,0.340541030534,0.217259541985,0.243733778626,0.224076335878,0.333208969466,0.260623091603,0.228960877863,0.299203244275,0.338320610687,0.523974236641
TRBIISJ128F14AE61C,0.470968067227,0.259092436975,0.235766386555,0.116240336134,0.246805042017,0.147697478992,0.203431932773,0.518084033613,0.251020168067,0.339211764706,0.164435294118,0.18468907563
TRBIIJY12903CE4755,0.46501754386,0.369812030075,0.316526315789,0.229773182957,0.188824561404,0.391347117794,0.298647869674,0.471119047619,0.261853383459,0.292759398496,0.434878446115,0.195259398496
TRBIICD128F14553D8,0.706741424802,0.537310466139,0.241262972735,0.195127528584,0.337045734389,0.333763412489,0.27601055409,0.326179419525,0.350155672823,0.269583113456,0.279884784521,0.336660510114
TRBIIOT128F423C594,0.314096202532,0.411944303797,0.297098734177,0.249913924051,0.300896202532,0.519091139241,0.65864556962,0.498574683544,0.418789873418,0.331643037975,0.204544303797,0.178491139241
TRBIIEU128F9307C88,0.391376488095,0.533544642857,0.33774702381,0.368209821429,0.701555059524,0.475104166667,0.502550595238,0.397788690476,0.485398809524,0.586525297619,0.390336309524,0.432075892857
TRBICRP128F42882BB,0.593877413938,0.551914357683,0.408516372796,0.389493702771,0.43867170445,0.511344248531,0.498370277078,0.606968933669,0.514602015113,0.4263131822,0.385158690176,0.366345927792
