TRBIIUC128F931B59E,45.3186605911,17.9552029557,-58.7783699507,6.31415320197,-0.271319211823,-17.5731334975,23.4659413793,-3.74937093596,3.43618128079,10.8467852217,4.49913300493,0.274620197044
TRBIIAL128F4252C04,44.1230523169,8.90085650224,30.903044843,-5.02942301943,12.2644334828,-6.07643497758,-6.86241255605,-0.312140508221,-4.28822869955,4.08926606876,-4.44211360239,-2.65819581465
TRBIIJX128F933AB7D,40.5206050269,-43.8840754039,10.1289245961,-0.648457809695,-9.08676481149,3.14845780969,-24.3602962298,-8.98581867145,13.2743429084,8.00732675045,3.15736086176,20.8471579892
TRBIIXI128F9344121,45.3329465649,-18.5634580153,5.2665610687,-4.98258301527,28.8103683206,-17.5631288168,-6.71434255725,-8.63363549618,3.05510782443,-3.30130057252,2.76495610687,10.3845906489
TRBIISJ128F14AE61C,34.5611512605,-6.66865546218,18.6658672269,-3.6254789916,-7.97092268908,-20.0671680672,19.7437478992,-0.455462184874,0.586186554622,1.1654487395,-0.986838655462,2.51107563025
TRBIIJY12903CE4755,46.8573571429,30.5823120301,-17.9641390977,-14.4622581454,-13.2824724311,-14.2007506266,-7.82627568922,-11.2126729323,-0.226536340852,-7.11245614035,1.46057894737,0.884116541353
TRBIICD128F14553D8,40.9420888303,-4.78116270888,-0.119659630607,15.3447414248,14.1089489886,-10.6035795954,-10.3076288478,-3.38669744943,14.2002814424,7.34667282322,3.28704045734,0.0814784520668
TRBIIOT128F423C594,49.895564557,57.0967620253,-10.9907696203,-19.7835341772,-48.6733139241,-18.9935924051,-10.8544683544,6.88130632911,5.11677974684,11.2784708861,-5.19890632911,-3.76989113924
TRBIIEU128F9307C88,53.0314077381,55.3945833333,38.1436190476,-1.85951190476,-21.9971949405,-19.1044017857,-7.43395982143,-1.4456889881,1.76961458333,8.0096235119,-0.39703125,-0.0800729166667
TRBICRP128F42882BB,42.4050831234,-3.21835180521,-17.5369353484,3.95157766583,3.84405709488,13.4213610411,-10.2213753149,2.53321746432,5.78134089001,1.32339546599,-3.2138874895,8.59641309824
